ACHILLES FLAST 3 0.5
C:\Users\NCPC\anaconda3\lib\site-packages\sklearn\random_projection.py:372: DataDimensionalityWarning: The number of components is higher than the number of features: n_features < n_components (418 < 479).The dimensionality of the problem will not be reduced.
  warnings.warn(
1.0 1.0
1.0 1.0
1.0 1.0
1.0 1.0
1.0 1.0
1.0 1.0
1.0 1.0
1.0 1.0
1.0 1.0
1.0 1.0
1.0 1.0
1.0 1.0
1.0 1.0
1.0 1.0
1.0 1.0
1.0 1.0
1.0 1.0
1.0 1.0
1.0 1.0
1.0 1.0
1.0 1.0
1.0 1.0
1.0 1.0
1.0 1.0
1.0 1.0
1.0 1.0
1.0 1.0
1.0 1.0
1.0 1.0
1.0 1.0
ALLUXIO-TACHYON FLAST 3 0.5
1.0 1.0
1.0 1.0
1.0 1.0
- 0.0
1.0 1.0
1.0 1.0
- 0.0
1.0 1.0
- 0.0
1.0 1.0
1.0 1.0
1.0 1.0
1.0 1.0
- 0.0
1.0 1.0
- 0.0
1.0 1.0
1.0 1.0
1.0 1.0
1.0 1.0
- 0.0
1.0 1.0
- 0.0
- 0.0
1.0 1.0
1.0 1.0
- 0.0
- 0.0
1.0 1.0
1.0 1.0
AMBARI FLAST 3 0.5
1.0 1.0
0.5 1.0
1.0 1.0
0.0 0.0
1.0 1.0
1.0 1.0
- 0.0
1.0 1.0
1.0 1.0
- 0.0
- 0.0
1.0 1.0
1.0 1.0
0.5 1.0
1.0 1.0
1.0 1.0
1.0 1.0
1.0 1.0
1.0 1.0
1.0 1.0
1.0 1.0
0.0 0.0
1.0 1.0
1.0 1.0
- 0.0
0.5 1.0
1.0 1.0
1.0 1.0
1.0 1.0
- 0.0
HADOOP FLAST 3 0.5
0.8723404255319149 0.6721311475409836
0.9743589743589743 0.6229508196721312
0.8695652173913043 0.6557377049180327
0.8958333333333334 0.7049180327868853
0.8125 0.639344262295082
0.8448275862068966 0.8032786885245902
0.8771929824561403 0.819672131147541
0.8148148148148148 0.7213114754098361
0.8867924528301887 0.7704918032786885
0.8775510204081632 0.7049180327868853
0.8793103448275862 0.8360655737704918
0.8703703703703703 0.7704918032786885
0.875 0.8032786885245902
0.9183673469387755 0.7377049180327869
0.8936170212765957 0.6885245901639344
0.8727272727272727 0.7868852459016393
0.8846153846153846 0.7540983606557377
0.9375 0.7377049180327869
0.8571428571428571 0.7868852459016393
0.9411764705882353 0.7868852459016393
0.9411764705882353 0.7868852459016393
0.8888888888888888 0.6557377049180327
0.8846153846153846 0.7540983606557377
0.9130434782608695 0.6885245901639344
0.8679245283018868 0.7540983606557377
0.8723404255319149 0.6721311475409836
0.94 0.7704918032786885
0.8596491228070176 0.8032786885245902
0.9591836734693877 0.7704918032786885
0.9038461538461539 0.7704918032786885
JACKRABBIT-OAK FLAST 3 0.5
0.0 0.0
0.0 0.0
- 0.0
0.3333333333333333 0.5
0.0 0.0
- 0.0
- 0.0
- 0.0
0.0 0.0
- 0.0
- 0.0
0.0 0.0
- 0.0
- 0.0
- 0.0
- 0.0
0.0 0.0
0.0 0.0
- 0.0
0.0 0.0
0.0 0.0
- 0.0
0.0 0.0
- 0.0
- 0.0
- 0.0
0.0 0.0
- 0.0
0.0 0.0
- 0.0
JIMFS FLAST 3 0.5
1.0 1.0
1.0 1.0
0.3333333333333333 1.0
0.5 1.0
0.5 1.0
1.0 1.0
0.5 1.0
- 0.0
- 0.0
1.0 1.0
0.3333333333333333 1.0
0.5 1.0
0.5 1.0
0.5 1.0
0.3333333333333333 1.0
0.5 1.0
0.5 1.0
1.0 1.0
0.5 1.0
1.0 1.0
1.0 1.0
1.0 1.0
1.0 1.0
0.5 1.0
1.0 1.0
1.0 1.0
1.0 1.0
0.0 0.0
0.5 1.0
0.3333333333333333 1.0
NINJA FLAST 3 0.5
1.0 1.0
0.6666666666666666 0.5
0.6 0.75
0.6666666666666666 1.0
1.0 0.75
1.0 0.25
0.75 0.75
0.75 0.75
0.8 1.0
0.6666666666666666 0.5
1.0 0.25
0.75 0.75
0.6 0.75
0.75 0.75
1.0 1.0
1.0 0.75
0.6666666666666666 0.5
1.0 0.5
1.0 0.5
0.6 0.75
0.75 0.75
1.0 0.75
1.0 0.75
0.6 0.75
1.0 1.0
1.0 0.5
0.6666666666666666 1.0
0.5 0.25
1.0 1.0
1.0 0.5
OKHTTP FLAST 3 0.5
0.8181818181818182 0.6923076923076923
1.0 0.7692307692307693
0.8461538461538461 0.8461538461538461
0.8888888888888888 0.6153846153846154
0.6666666666666666 0.6153846153846154
1.0 0.6923076923076923
0.9 0.6923076923076923
1.0 0.46153846153846156
0.8181818181818182 0.6923076923076923
0.7692307692307693 0.7692307692307693
0.8888888888888888 0.6153846153846154
1.0 0.6153846153846154
0.8 0.6153846153846154
1.0 0.6923076923076923
1.0 0.7692307692307693
0.8333333333333334 0.7692307692307693
1.0 0.7692307692307693
0.7 0.5384615384615384
1.0 0.38461538461538464
1.0 0.7692307692307693
0.9 0.6923076923076923
0.9 0.6923076923076923
0.8 0.6153846153846154
0.9 0.6923076923076923
0.8 0.6153846153846154
0.75 0.46153846153846156
0.7272727272727273 0.6153846153846154
1.0 0.5384615384615384
0.7857142857142857 0.8461538461538461
0.7777777777777778 0.5384615384615384
OOZIE FLAST 3 0.5
1.0 0.9941520467836257
1.0 0.9883040935672515
1.0 1.0
0.9941520467836257 0.9941520467836257
1.0 1.0
1.0 1.0
1.0 0.9941520467836257
0.9941520467836257 0.9941520467836257
1.0 1.0
1.0 0.9941520467836257
1.0 1.0
1.0 1.0
1.0 1.0
1.0 1.0
1.0 0.9941520467836257
0.9884393063583815 1.0
1.0 1.0
1.0 1.0
1.0 1.0
0.9941860465116279 1.0
1.0 0.9941520467836257
0.9884393063583815 1.0
1.0 1.0
1.0 0.9941520467836257
0.9941860465116279 1.0
0.9941176470588236 0.9883040935672515
0.9941860465116279 1.0
0.9941860465116279 1.0
0.9941860465116279 1.0
0.9884393063583815 1.0
ORYX FLAST 3 0.5
0.5 0.3333333333333333
0.0 0.0
- 0.0
0.6 1.0
1.0 0.3333333333333333
0.5 0.3333333333333333
1.0 0.3333333333333333
1.0 0.6666666666666666
0.6666666666666666 0.6666666666666666
1.0 0.3333333333333333
0.5 0.3333333333333333
1.0 0.6666666666666666
1.0 0.6666666666666666
0.5 0.3333333333333333
0.0 0.0
0.5 0.3333333333333333
1.0 0.6666666666666666
0.6666666666666666 0.6666666666666666
1.0 0.6666666666666666
- 0.0
1.0 0.6666666666666666
1.0 1.0
0.5 0.3333333333333333
0.6666666666666666 0.6666666666666666
- 0.0
0.6666666666666666 0.6666666666666666
0.0 0.0
1.0 0.3333333333333333
1.0 0.6666666666666666
1.0 0.3333333333333333
SPRING-BOOT FLAST 3 0.5
1.0 0.6666666666666666
1.0 1.0
1.0 0.6666666666666666
1.0 0.6666666666666666
1.0 1.0
1.0 0.6666666666666666
1.0 0.6666666666666666
1.0 0.3333333333333333
1.0 1.0
1.0 0.6666666666666666
1.0 0.6666666666666666
1.0 0.6666666666666666
1.0 0.6666666666666666
- 0.0
1.0 0.6666666666666666
1.0 0.6666666666666666
1.0 0.6666666666666666
1.0 0.3333333333333333
1.0 1.0
1.0 0.3333333333333333
1.0 1.0
1.0 1.0
1.0 0.6666666666666666
1.0 1.0
1.0 0.6666666666666666
1.0 1.0
1.0 1.0
1.0 0.6666666666666666
1.0 1.0
- 0.0
TOGGLZ FLAST 3 0.5
0.0 0.0
0.0 0.0
0.0 0.0
- 0.0
0.0 0.0
0.0 0.0
0.0 0.0
0.0 0.0
0.0 0.0
0.0 0.0
0.0 0.0
- 0.0
0.0 0.0
0.3333333333333333 0.5
0.0 0.0
0.0 0.0
0.0 0.0
0.0 0.0
0.0 0.0
0.0 0.0
0.0 0.0
0.0 0.0
0.0 0.0
0.0 0.0
- 0.0
0.0 0.0
1.0 0.5
0.0 0.0
0.0 0.0
0.0 0.0
WRO4J FLAST 3 0.5
- 0.0
- 0.0
0.0 0.0
0.0 0.0
0.0 0.0
0.0 0.0
0.0 0.0
- 0.0
0.0 0.0
- 0.0
0.0 0.0
0.0 0.0
0.0 0.0
- 0.0
0.0 0.0
0.0 0.0
- 0.0
- 0.0
- 0.0
0.0 0.0
0.0 0.0
- 0.0
- 0.0
0.0 0.0
- 0.0
0.0 0.0
- 0.0
- 0.0
0.0 0.0
0.0 0.0
ACHILLES FLAST 3 0.95
C:\Users\NCPC\anaconda3\lib\site-packages\sklearn\random_projection.py:372: DataDimensionalityWarning: The number of components is higher than the number of features: n_features < n_components (418 < 479).The dimensionality of the problem will not be reduced.
  warnings.warn(
1.0 1.0
1.0 1.0
1.0 1.0
1.0 1.0
1.0 1.0
1.0 1.0
1.0 1.0
1.0 1.0
1.0 1.0
1.0 1.0
1.0 1.0
1.0 1.0
1.0 1.0
1.0 1.0
1.0 1.0
1.0 1.0
1.0 1.0
1.0 1.0
1.0 1.0
1.0 1.0
1.0 1.0
1.0 1.0
1.0 1.0
1.0 1.0
1.0 1.0
1.0 1.0
1.0 1.0
1.0 1.0
1.0 1.0
1.0 1.0
ALLUXIO-TACHYON FLAST 3 0.95
- 0.0
- 0.0
- 0.0
- 0.0
- 0.0
- 0.0
- 0.0
- 0.0
- 0.0
- 0.0
- 0.0
- 0.0
- 0.0
- 0.0
- 0.0
- 0.0
- 0.0
- 0.0
- 0.0
- 0.0
- 0.0
- 0.0
- 0.0
- 0.0
- 0.0
- 0.0
- 0.0
- 0.0
- 0.0
- 0.0
AMBARI FLAST 3 0.95
- 0.0
- 0.0
- 0.0
- 0.0
- 0.0
- 0.0
- 0.0
- 0.0
- 0.0
- 0.0
- 0.0
- 0.0
- 0.0
- 0.0
- 0.0
- 0.0
- 0.0
- 0.0
- 0.0
- 0.0
- 0.0
- 0.0
- 0.0
- 0.0
- 0.0
- 0.0
- 0.0
- 0.0
- 0.0
- 0.0
HADOOP FLAST 3 0.95
1.0 0.4426229508196721
0.967741935483871 0.4918032786885246
1.0 0.5737704918032787
1.0 0.639344262295082
0.9722222222222222 0.5737704918032787
0.9696969696969697 0.5245901639344263
0.918918918918919 0.5573770491803278
1.0 0.5573770491803278
0.9428571428571428 0.5409836065573771
0.9393939393939394 0.5081967213114754
0.975 0.639344262295082
0.96875 0.5081967213114754
0.9428571428571428 0.5409836065573771
0.9428571428571428 0.5409836065573771
0.9230769230769231 0.5901639344262295
0.9210526315789473 0.5737704918032787
1.0 0.7049180327868853
0.9767441860465116 0.6885245901639344
0.9459459459459459 0.5737704918032787
0.9705882352941176 0.5409836065573771
0.9705882352941176 0.5409836065573771
1.0 0.6065573770491803
0.9696969696969697 0.5245901639344263
1.0 0.5409836065573771
0.975 0.639344262295082
0.9393939393939394 0.5081967213114754
0.972972972972973 0.5901639344262295
0.972972972972973 0.5901639344262295
0.9534883720930233 0.6721311475409836
0.9722222222222222 0.5737704918032787
JACKRABBIT-OAK FLAST 3 0.95
- 0.0
- 0.0
0.0 0.0
- 0.0
- 0.0
- 0.0
- 0.0
- 0.0
- 0.0
- 0.0
0.0 0.0
- 0.0
- 0.0
- 0.0
0.0 0.0
0.0 0.0
- 0.0
- 0.0
- 0.0
- 0.0
- 0.0
0.0 0.0
- 0.0
0.0 0.0
0.0 0.0
- 0.0
0.0 0.0
0.0 0.0
- 0.0
0.0 0.0
JIMFS FLAST 3 0.95
- 0.0
1.0 1.0
- 0.0
1.0 1.0
1.0 1.0
- 0.0
1.0 1.0
1.0 1.0
1.0 1.0
1.0 1.0
1.0 1.0
1.0 1.0
- 0.0
- 0.0
- 0.0
1.0 1.0
1.0 1.0
1.0 1.0
- 0.0
1.0 1.0
1.0 1.0
- 0.0
1.0 1.0
- 0.0
1.0 1.0
1.0 1.0
- 0.0
1.0 1.0
1.0 1.0
1.0 1.0
NINJA FLAST 3 0.95
1.0 0.25
0.5 0.25
0.0 0.0
- 0.0
1.0 0.75
1.0 0.5
1.0 0.25
1.0 0.5
1.0 0.5
0.0 0.0
0.75 0.75
1.0 0.5
0.0 0.0
1.0 0.5
1.0 0.25
1.0 0.5
1.0 0.5
- 0.0
1.0 0.25
1.0 0.25
0.6666666666666666 0.5
1.0 0.75
0.0 0.0
0.5 0.25
0.5 0.25
0.5 0.25
1.0 0.5
1.0 0.5
0.6666666666666666 0.5
0.5 0.25
OKHTTP FLAST 3 0.95
1.0 0.15384615384615385
1.0 0.38461538461538464
1.0 0.15384615384615385
1.0 0.15384615384615385
1.0 0.3076923076923077
1.0 0.15384615384615385
1.0 0.15384615384615385
1.0 0.23076923076923078
1.0 0.38461538461538464
1.0 0.23076923076923078
1.0 0.15384615384615385
1.0 0.38461538461538464
1.0 0.15384615384615385
1.0 0.38461538461538464
1.0 0.15384615384615385
1.0 0.23076923076923078
1.0 0.23076923076923078
1.0 0.23076923076923078
1.0 0.46153846153846156
1.0 0.3076923076923077
1.0 0.15384615384615385
1.0 0.3076923076923077
1.0 0.23076923076923078
1.0 0.3076923076923077
1.0 0.38461538461538464
1.0 0.38461538461538464
1.0 0.38461538461538464
1.0 0.3076923076923077
1.0 0.23076923076923078
1.0 0.3076923076923077
OOZIE FLAST 3 0.95
1.0 1.0
1.0 0.9883040935672515
1.0 1.0
1.0 0.9883040935672515
1.0 0.9941520467836257
1.0 1.0
1.0 1.0
1.0 0.9883040935672515
1.0 1.0
1.0 0.9941520467836257
1.0 0.9883040935672515
1.0 0.9941520467836257
1.0 1.0
1.0 0.9941520467836257
1.0 0.9883040935672515
1.0 0.9941520467836257
1.0 1.0
1.0 0.9941520467836257
1.0 0.9941520467836257
1.0 0.9883040935672515
1.0 1.0
1.0 0.9824561403508771
1.0 0.9883040935672515
1.0 0.9941520467836257
1.0 0.9941520467836257
1.0 0.9883040935672515
1.0 1.0
0.9941520467836257 0.9941520467836257
1.0 0.9883040935672515
1.0 0.9941520467836257
ORYX FLAST 3 0.95
- 0.0
- 0.0
- 0.0
- 0.0
- 0.0
- 0.0
- 0.0
- 0.0
- 0.0
- 0.0
1.0 0.3333333333333333
- 0.0
- 0.0
- 0.0
- 0.0
- 0.0
- 0.0
- 0.0
1.0 0.3333333333333333
- 0.0
1.0 0.3333333333333333
- 0.0
1.0 0.3333333333333333
- 0.0
- 0.0
- 0.0
- 0.0
- 0.0
1.0 0.3333333333333333
- 0.0
SPRING-BOOT FLAST 3 0.95
- 0.0
- 0.0
1.0 0.3333333333333333
1.0 0.3333333333333333
1.0 0.3333333333333333
1.0 0.6666666666666666
1.0 0.3333333333333333
1.0 0.3333333333333333
1.0 0.3333333333333333
- 0.0
1.0 0.3333333333333333
- 0.0
1.0 0.3333333333333333
1.0 0.6666666666666666
1.0 0.6666666666666666
1.0 0.3333333333333333
1.0 0.6666666666666666
1.0 0.6666666666666666
1.0 0.3333333333333333
- 0.0
1.0 0.6666666666666666
1.0 0.6666666666666666
1.0 0.6666666666666666
1.0 0.3333333333333333
1.0 0.6666666666666666
1.0 0.6666666666666666
1.0 0.3333333333333333
- 0.0
1.0 0.3333333333333333
1.0 1.0
TOGGLZ FLAST 3 0.95
- 0.0
- 0.0
- 0.0
- 0.0
- 0.0
0.0 0.0
0.0 0.0
0.0 0.0
0.0 0.0
0.0 0.0
0.0 0.0
- 0.0
- 0.0
- 0.0
- 0.0
- 0.0
0.0 0.0
0.0 0.0
- 0.0
0.0 0.0
- 0.0
0.0 0.0
0.0 0.0
- 0.0
- 0.0
- 0.0
0.0 0.0
0.0 0.0
0.0 0.0
- 0.0
WRO4J FLAST 3 0.95
- 0.0
- 0.0
- 0.0
- 0.0
- 0.0
- 0.0
0.0 0.0
- 0.0
- 0.0
- 0.0
- 0.0
- 0.0
- 0.0
- 0.0
- 0.0
0.0 0.0
- 0.0
- 0.0
- 0.0
- 0.0
- 0.0
0.0 0.0
- 0.0
- 0.0
- 0.0
- 0.0
0.0 0.0
- 0.0
- 0.0
- 0.0
ACHILLES FLAST 7 0.5
C:\Users\NCPC\anaconda3\lib\site-packages\sklearn\random_projection.py:372: DataDimensionalityWarning: The number of components is higher than the number of features: n_features < n_components (418 < 479).The dimensionality of the problem will not be reduced.
  warnings.warn(
1.0 1.0
1.0 1.0
1.0 1.0
0.9285714285714286 1.0
1.0 1.0
1.0 1.0
1.0 1.0
1.0 1.0
1.0 1.0
1.0 1.0
1.0 1.0
1.0 1.0
1.0 1.0
1.0 1.0
1.0 1.0
1.0 1.0
1.0 1.0
1.0 1.0
1.0 1.0
1.0 1.0
1.0 1.0
0.9285714285714286 1.0
1.0 1.0
1.0 1.0
1.0 1.0
1.0 1.0
1.0 1.0
0.9285714285714286 1.0
0.9285714285714286 1.0
1.0 1.0
ALLUXIO-TACHYON FLAST 7 0.5
- 0.0
- 0.0
1.0 1.0
- 0.0
- 0.0
1.0 1.0
1.0 1.0
- 0.0
1.0 1.0
- 0.0
- 0.0
1.0 1.0
1.0 1.0
1.0 1.0
1.0 1.0
1.0 1.0
- 0.0
- 0.0
- 0.0
1.0 1.0
- 0.0
- 0.0
- 0.0
- 0.0
1.0 1.0
1.0 1.0
- 0.0
1.0 1.0
- 0.0
- 0.0
AMBARI FLAST 7 0.5
- 0.0
1.0 1.0
1.0 1.0
1.0 1.0
- 0.0
1.0 1.0
- 0.0
1.0 1.0
- 0.0
1.0 1.0
1.0 1.0
- 0.0
1.0 1.0
1.0 1.0
- 0.0
- 0.0
- 0.0
1.0 1.0
- 0.0
- 0.0
1.0 1.0
- 0.0
1.0 1.0
- 0.0
1.0 1.0
- 0.0
- 0.0
- 0.0
1.0 1.0
1.0 1.0
HADOOP FLAST 7 0.5
0.92 0.7540983606557377
0.96 0.7868852459016393
0.8888888888888888 0.6557377049180327
0.8604651162790697 0.6065573770491803
0.8837209302325582 0.6229508196721312
0.8148148148148148 0.7213114754098361
0.9574468085106383 0.7377049180327869
0.9375 0.7377049180327869
0.9090909090909091 0.6557377049180327
0.8518518518518519 0.7540983606557377
0.9473684210526315 0.5901639344262295
0.86 0.7049180327868853
0.9019607843137255 0.7540983606557377
0.9130434782608695 0.6885245901639344
0.8653846153846154 0.7377049180327869
0.925 0.6065573770491803
0.9038461538461539 0.7704918032786885
0.86 0.7049180327868853
0.9130434782608695 0.6885245901639344
0.8 0.7213114754098361
0.9387755102040817 0.7540983606557377
0.8723404255319149 0.6721311475409836
0.9777777777777777 0.7213114754098361
0.9 0.5901639344262295
0.8928571428571429 0.819672131147541
0.9130434782608695 0.6885245901639344
0.9347826086956522 0.7049180327868853
0.88 0.7213114754098361
0.8958333333333334 0.7049180327868853
0.9347826086956522 0.7049180327868853
JACKRABBIT-OAK FLAST 7 0.5
- 0.0
- 0.0
- 0.0
0.0 0.0
- 0.0
- 0.0
- 0.0
- 0.0
- 0.0
- 0.0
- 0.0
- 0.0
0.0 0.0
- 0.0
- 0.0
0.0 0.0
0.3333333333333333 0.5
- 0.0
0.0 0.0
- 0.0
- 0.0
0.0 0.0
- 0.0
- 0.0
- 0.0
- 0.0
- 0.0
- 0.0
0.0 0.0
- 0.0
JIMFS FLAST 7 0.5
1.0 1.0
0.5 1.0
0.0 0.0
1.0 1.0
0.5 1.0
1.0 1.0
1.0 1.0
- 0.0
0.5 1.0
1.0 1.0
1.0 1.0
1.0 1.0
1.0 1.0
0.3333333333333333 1.0
1.0 1.0
1.0 1.0
1.0 1.0
1.0 1.0
- 0.0
1.0 1.0
- 0.0
0.3333333333333333 1.0
0.5 1.0
1.0 1.0
1.0 1.0
1.0 1.0
1.0 1.0
0.3333333333333333 1.0
0.5 1.0
0.5 1.0
NINJA FLAST 7 0.5
1.0 0.75
0.5 0.25
1.0 0.5
1.0 0.5
0.75 0.75
0.5 0.25
0.6666666666666666 0.5
1.0 0.25
1.0 0.25
0.75 0.75
1.0 0.75
0.75 0.75
1.0 0.75
1.0 0.75
0.6666666666666666 0.5
1.0 0.5
1.0 0.75
1.0 0.5
0.6 0.75
1.0 0.5
1.0 1.0
0.75 0.75
1.0 0.25
1.0 0.5
0.6666666666666666 0.5
1.0 0.5
0.75 0.75
- 0.0
1.0 0.25
0.75 0.75
OKHTTP FLAST 7 0.5
0.8 0.6153846153846154
1.0 0.46153846153846156
1.0 0.5384615384615384
0.8571428571428571 0.46153846153846156
1.0 0.5384615384615384
0.8 0.6153846153846154
0.8333333333333334 0.38461538461538464
0.9 0.6923076923076923
0.8571428571428571 0.46153846153846156
1.0 0.6923076923076923
1.0 0.38461538461538464
0.8888888888888888 0.6153846153846154
0.8571428571428571 0.46153846153846156
1.0 0.5384615384615384
1.0 0.3076923076923077
1.0 0.6153846153846154
1.0 0.6153846153846154
0.8571428571428571 0.46153846153846156
1.0 0.38461538461538464
1.0 0.38461538461538464
0.8888888888888888 0.6153846153846154
1.0 0.38461538461538464
0.8333333333333334 0.38461538461538464
0.9 0.6923076923076923
0.875 0.5384615384615384
0.875 0.5384615384615384
1.0 0.38461538461538464
0.75 0.23076923076923078
1.0 0.3076923076923077
1.0 0.6153846153846154
OOZIE FLAST 7 0.5
0.9884393063583815 1.0
1.0 1.0
1.0 1.0
1.0 1.0
1.0 0.9941520467836257
1.0 0.9941520467836257
1.0 1.0
0.9941860465116279 1.0
0.9884393063583815 1.0
0.9941520467836257 0.9941520467836257
1.0 1.0
1.0 1.0
0.9941860465116279 1.0
1.0 0.9941520467836257
1.0 1.0
1.0 1.0
1.0 1.0
1.0 1.0
1.0 1.0
1.0 1.0
0.9884393063583815 1.0
1.0 1.0
1.0 1.0
0.9941860465116279 1.0
1.0 1.0
1.0 0.9941520467836257
1.0 1.0
1.0 1.0
0.9883720930232558 0.9941520467836257
1.0 1.0
ORYX FLAST 7 0.5
0.0 0.0
0.0 0.0
0.5 0.3333333333333333
0.0 0.0
1.0 0.6666666666666666
- 0.0
1.0 0.6666666666666666
- 0.0
1.0 0.3333333333333333
- 0.0
- 0.0
- 0.0
- 0.0
- 0.0
1.0 0.6666666666666666
- 0.0
- 0.0
1.0 0.3333333333333333
0.3333333333333333 0.3333333333333333
- 0.0
0.0 0.0
1.0 0.3333333333333333
- 0.0
- 0.0
0.0 0.0
0.5 0.3333333333333333
1.0 0.3333333333333333
1.0 0.3333333333333333
- 0.0
0.0 0.0
SPRING-BOOT FLAST 7 0.5
1.0 0.6666666666666666
1.0 0.6666666666666666
1.0 1.0
1.0 0.6666666666666666
1.0 0.3333333333333333
1.0 0.6666666666666666
1.0 0.3333333333333333
1.0 0.6666666666666666
1.0 0.6666666666666666
1.0 0.3333333333333333
1.0 0.6666666666666666
1.0 0.3333333333333333
1.0 0.3333333333333333
1.0 0.3333333333333333
1.0 0.6666666666666666
- 0.0
- 0.0
1.0 0.3333333333333333
1.0 0.3333333333333333
1.0 1.0
1.0 0.6666666666666666
1.0 0.6666666666666666
1.0 0.6666666666666666
- 0.0
1.0 0.6666666666666666
1.0 1.0
1.0 0.3333333333333333
1.0 0.6666666666666666
1.0 0.3333333333333333
1.0 0.6666666666666666
TOGGLZ FLAST 7 0.5
0.0 0.0
- 0.0
0.0 0.0
0.0 0.0
- 0.0
- 0.0
0.0 0.0
0.0 0.0
0.0 0.0
0.0 0.0
0.0 0.0
0.0 0.0
0.0 0.0
- 0.0
0.0 0.0
0.0 0.0
0.0 0.0
0.0 0.0
0.0 0.0
0.0 0.0
0.0 0.0
0.0 0.0
0.0 0.0
0.0 0.0
- 0.0
0.0 0.0
0.0 0.0
0.0 0.0
0.0 0.0
0.0 0.0
WRO4J FLAST 7 0.5
- 0.0
- 0.0
- 0.0
- 0.0
- 0.0
- 0.0
- 0.0
- 0.0
- 0.0
0.0 0.0
- 0.0
- 0.0
0.0 0.0
0.0 0.0
0.0 0.0
0.0 0.0
- 0.0
0.0 0.0
0.0 0.0
- 0.0
- 0.0
- 0.0
- 0.0
- 0.0
0.0 0.0
- 0.0
- 0.0
- 0.0
- 0.0
- 0.0
ACHILLES FLAST 7 0.95
C:\Users\NCPC\anaconda3\lib\site-packages\sklearn\random_projection.py:372: DataDimensionalityWarning: The number of components is higher than the number of features: n_features < n_components (418 < 479).The dimensionality of the problem will not be reduced.
  warnings.warn(
1.0 1.0
1.0 1.0
1.0 1.0
1.0 1.0
1.0 1.0
1.0 1.0
1.0 1.0
1.0 1.0
1.0 1.0
1.0 1.0
1.0 1.0
1.0 1.0
1.0 1.0
1.0 1.0
1.0 1.0
1.0 1.0
1.0 1.0
1.0 1.0
1.0 1.0
1.0 1.0
1.0 1.0
1.0 1.0
1.0 1.0
1.0 1.0
1.0 1.0
1.0 1.0
1.0 1.0
1.0 1.0
1.0 1.0
1.0 1.0
ALLUXIO-TACHYON FLAST 7 0.95
- 0.0
- 0.0
- 0.0
- 0.0
- 0.0
- 0.0
- 0.0
- 0.0
- 0.0
- 0.0
- 0.0
- 0.0
- 0.0
- 0.0
- 0.0
- 0.0
- 0.0
- 0.0
- 0.0
- 0.0
- 0.0
- 0.0
- 0.0
- 0.0
- 0.0
- 0.0
- 0.0
- 0.0
- 0.0
- 0.0
AMBARI FLAST 7 0.95
- 0.0
- 0.0
- 0.0
- 0.0
- 0.0
- 0.0
- 0.0
- 0.0
- 0.0
- 0.0
- 0.0
- 0.0
- 0.0
- 0.0
- 0.0
- 0.0
- 0.0
- 0.0
- 0.0
- 0.0
- 0.0
- 0.0
- 0.0
- 0.0
- 0.0
- 0.0
- 0.0
- 0.0
- 0.0
- 0.0
HADOOP FLAST 7 0.95
1.0 0.32786885245901637
0.9666666666666667 0.47540983606557374
1.0 0.4426229508196721
0.9047619047619048 0.3114754098360656
1.0 0.29508196721311475
0.9545454545454546 0.3442622950819672
1.0 0.3114754098360656
0.9615384615384616 0.4098360655737705
1.0 0.32786885245901637
0.9523809523809523 0.32786885245901637
1.0 0.4098360655737705
0.9259259259259259 0.4098360655737705
0.9629629629629629 0.4262295081967213
0.92 0.3770491803278688
0.9545454545454546 0.3442622950819672
0.9629629629629629 0.4262295081967213
0.9565217391304348 0.36065573770491804
0.92 0.3770491803278688
0.9629629629629629 0.4262295081967213
0.9615384615384616 0.4098360655737705
0.96 0.39344262295081966
0.8823529411764706 0.2459016393442623
0.9565217391304348 0.36065573770491804
0.8636363636363636 0.3114754098360656
0.9615384615384616 0.4098360655737705
1.0 0.36065573770491804
1.0 0.32786885245901637
0.9 0.29508196721311475
0.9565217391304348 0.36065573770491804
1.0 0.4426229508196721
JACKRABBIT-OAK FLAST 7 0.95
- 0.0
- 0.0
- 0.0
- 0.0
0.0 0.0
- 0.0
- 0.0
0.0 0.0
- 0.0
- 0.0
- 0.0
- 0.0
- 0.0
- 0.0
- 0.0
- 0.0
0.0 0.0
- 0.0
0.0 0.0
- 0.0
- 0.0
- 0.0
0.0 0.0
- 0.0
0.0 0.0
- 0.0
- 0.0
- 0.0
0.0 0.0
- 0.0
JIMFS FLAST 7 0.95
- 0.0
1.0 1.0
- 0.0
- 0.0
1.0 1.0
- 0.0
1.0 1.0
1.0 1.0
1.0 1.0
1.0 1.0
1.0 1.0
- 0.0
1.0 1.0
- 0.0
1.0 1.0
- 0.0
- 0.0
1.0 1.0
1.0 1.0
1.0 1.0
1.0 1.0
1.0 1.0
- 0.0
1.0 1.0
- 0.0
1.0 1.0
- 0.0
1.0 1.0
1.0 1.0
- 0.0
NINJA FLAST 7 0.95
- 0.0
- 0.0
- 0.0
- 0.0
- 0.0
- 0.0
- 0.0
- 0.0
- 0.0
- 0.0
- 0.0
- 0.0
- 0.0
- 0.0
- 0.0
- 0.0
- 0.0
- 0.0
- 0.0
- 0.0
- 0.0
- 0.0
- 0.0
- 0.0
- 0.0
- 0.0
- 0.0
- 0.0
- 0.0
- 0.0
OKHTTP FLAST 7 0.95
1.0 0.3076923076923077
1.0 0.38461538461538464
1.0 0.23076923076923078
1.0 0.23076923076923078
1.0 0.15384615384615385
1.0 0.46153846153846156
1.0 0.3076923076923077
1.0 0.07692307692307693
1.0 0.23076923076923078
1.0 0.15384615384615385
1.0 0.23076923076923078
1.0 0.07692307692307693
1.0 0.07692307692307693
1.0 0.23076923076923078
1.0 0.3076923076923077
1.0 0.15384615384615385
1.0 0.23076923076923078
1.0 0.23076923076923078
1.0 0.3076923076923077
1.0 0.15384615384615385
1.0 0.15384615384615385
1.0 0.23076923076923078
1.0 0.23076923076923078
1.0 0.15384615384615385
1.0 0.15384615384615385
1.0 0.23076923076923078
1.0 0.3076923076923077
1.0 0.07692307692307693
1.0 0.15384615384615385
1.0 0.38461538461538464
OOZIE FLAST 7 0.95
1.0 0.9883040935672515
1.0 0.9824561403508771
1.0 1.0
1.0 0.9590643274853801
1.0 0.9883040935672515
1.0 1.0
1.0 0.9883040935672515
1.0 0.9707602339181286
1.0 0.9824561403508771
1.0 0.9883040935672515
1.0 0.9941520467836257
1.0 0.9883040935672515
1.0 0.9707602339181286
1.0 0.9824561403508771
1.0 0.9883040935672515
1.0 0.9883040935672515
1.0 0.9766081871345029
1.0 0.9766081871345029
1.0 0.9824561403508771
1.0 0.9941520467836257
1.0 0.9766081871345029
1.0 0.9883040935672515
1.0 0.9824561403508771
1.0 0.9941520467836257
1.0 1.0
1.0 0.9590643274853801
1.0 0.9707602339181286
1.0 0.9883040935672515
1.0 0.9883040935672515
1.0 0.9824561403508771
ORYX FLAST 7 0.95
- 0.0
- 0.0
- 0.0
- 0.0
- 0.0
- 0.0
- 0.0
- 0.0
- 0.0
- 0.0
- 0.0
- 0.0
- 0.0
- 0.0
1.0 0.3333333333333333
- 0.0
- 0.0
- 0.0
- 0.0
- 0.0
- 0.0
- 0.0
- 0.0
- 0.0
- 0.0
- 0.0
- 0.0
- 0.0
- 0.0
- 0.0
SPRING-BOOT FLAST 7 0.95
- 0.0
- 0.0
- 0.0
- 0.0
- 0.0
- 0.0
- 0.0
- 0.0
- 0.0
- 0.0
- 0.0
- 0.0
- 0.0
- 0.0
- 0.0
- 0.0
- 0.0
- 0.0
- 0.0
- 0.0
- 0.0
- 0.0
- 0.0
- 0.0
- 0.0
- 0.0
- 0.0
- 0.0
- 0.0
- 0.0
TOGGLZ FLAST 7 0.95
- 0.0
- 0.0
- 0.0
- 0.0
- 0.0
- 0.0
- 0.0
- 0.0
- 0.0
- 0.0
- 0.0
- 0.0
- 0.0
- 0.0
- 0.0
- 0.0
0.0 0.0
- 0.0
- 0.0
- 0.0
- 0.0
- 0.0
- 0.0
- 0.0
- 0.0
- 0.0
- 0.0
- 0.0
- 0.0
- 0.0
WRO4J FLAST 7 0.95
- 0.0
- 0.0
- 0.0
0.0 0.0
- 0.0
- 0.0
- 0.0
0.0 0.0
0.0 0.0
- 0.0
- 0.0
0.0 0.0
- 0.0
- 0.0
- 0.0
- 0.0
- 0.0
- 0.0
- 0.0
0.0 0.0
- 0.0
- 0.0
- 0.0
- 0.0
0.0 0.0
- 0.0
0.0 0.0
- 0.0
- 0.0
- 0.0
(base)  NCPC on  E:/Bài tập trên lớp/Năm 3/Các vấn đề CNTT/FLAST  master ⇡ 1*?2 ~2  4m 17.174s                                                             [ base 3.9.13] | 16:59:13 ❯
# python .\py\compare_pinto.py
Pinto-KNN
0.9310344827586207 0.8526315789473684
0.9283018867924528 0.8571428571428571
0.9333333333333333 0.8389513108614233
0.9724409448818898 0.8430034129692833
0.9233716475095786 0.8700361010830325
0.9361702127659575 0.9010238907849829
0.9391634980988594 0.8666666666666667
0.9192307692307692 0.8415492957746479
0.9657794676806084 0.8668941979522184
0.9458333333333333 0.8254545454545454
0.9507575757575758 0.8537414965986394
0.9444444444444444 0.85
0.9372549019607843 0.8445229681978799
0.9661016949152542 0.8260869565217391
0.9402985074626866 0.8719723183391004
0.9433198380566802 0.8661710037174721
0.9380165289256198 0.8315018315018315
0.9628252788104089 0.8604651162790697
0.9263565891472868 0.8597122302158273
0.926530612244898 0.8284671532846716
0.952 0.85
0.9516129032258065 0.8708487084870848
0.9645669291338582 0.8477508650519031
0.9377289377289377 0.8648648648648649
0.9540636042402827 0.8881578947368421
0.959409594095941 0.8783783783783784
0.9435483870967742 0.8041237113402062
0.9537815126050421 0.8284671532846716
0.9727626459143969 0.8650519031141869
0.951310861423221 0.8466666666666667
FLAST 3 0.5
0.8745874587458746 0.9430604982206405
0.9281045751633987 0.9466666666666667
0.9319727891156463 0.9225589225589226
0.8982456140350877 0.924187725631769
0.9494584837545126 0.906896551724138
0.9157088122605364 0.93359375
0.9403508771929825 0.9273356401384083
0.9025270758122743 0.9259259259259259
0.9055944055944056 0.9119718309859155
0.9068100358422939 0.92
0.931740614334471 0.9285714285714286
0.9023569023569024 0.9469964664310954
0.9125475285171103 0.8888888888888888
0.9350180505415162 0.9217081850533808
0.9142857142857143 0.9446494464944649
0.9051094890510949 0.9538461538461539
0.9081272084805654 0.9244604316546763
0.9147540983606557 0.9522184300341296
0.8936170212765957 0.9
0.910958904109589 0.9366197183098591
0.8976109215017065 0.9163763066202091
0.9277566539923955 0.8970588235294118
0.9133333333333333 0.9448275862068966
0.9066147859922179 0.9066147859922179
0.9134948096885813 0.9565217391304348
0.9446366782006921 0.9381443298969072
0.9181494661921709 0.9280575539568345
0.8805460750853242 0.9052631578947369
0.9191919191919192 0.9512195121951219
0.9175627240143369 0.9343065693430657
FLAST 3 0.95
0.9737991266375546 0.8228782287822878
1.0 0.8037037037037037
0.98 0.8718861209964412
0.9558232931726908 0.8439716312056738
0.9711934156378601 0.8398576512455516
0.9822222222222222 0.8154981549815498
0.9708333333333333 0.8351254480286738
0.984375 0.8571428571428571
0.9629629629629629 0.8268551236749117
1.0 0.8220640569395018
0.9760956175298805 0.8419243986254296
0.9782608695652174 0.800711743772242
0.9781659388646288 0.8265682656826568
0.9747899159663865 0.8375451263537906
0.9956709956709957 0.8185053380782918
0.9875518672199171 0.8206896551724138
0.9694323144104804 0.8473282442748091
0.970954356846473 0.8210526315789474
0.9656652360515021 0.8364312267657993
0.9835390946502057 0.8415492957746479
0.9911894273127754 0.7922535211267606
0.9877551020408163 0.8551236749116607
0.9567099567099567 0.8215613382899628
0.9828326180257511 0.7869415807560137
0.9788135593220338 0.825
0.9914529914529915 0.8197879858657244
0.9780701754385965 0.7992831541218638
0.9718875502008032 0.8491228070175438
0.9741379310344828 0.8100358422939068
0.9780701754385965 0.8109090909090909
FLAST 7 0.5
0.9316546762589928 0.886986301369863
0.924187725631769 0.924187725631769
0.9428571428571428 0.9103448275862069
0.9661654135338346 0.921146953405018
0.9305555555555556 0.9273356401384083
0.9122137404580153 0.908745247148289
0.9296296296296296 0.916058394160584
0.9163636363636364 0.9130434782608695
0.9343065693430657 0.9045936395759717
0.9328621908127208 0.9010238907849829
0.9139784946236559 0.9340659340659341
0.9595588235294118 0.9125874125874126
0.9288389513108615 0.8920863309352518
0.9090909090909091 0.9448818897637795
0.9314079422382672 0.9280575539568345
0.928082191780822 0.9155405405405406
0.9107806691449815 0.9007352941176471
0.89272030651341 0.9357429718875502
0.9102990033222591 0.9480968858131488
0.9195804195804196 0.9037800687285223
0.9330985915492958 0.916955017301038
0.933579335793358 0.8846153846153846
0.9359430604982206 0.9037800687285223
0.9185185185185185 0.9018181818181819
0.9386281588447654 0.9027777777777778
0.9310344827586207 0.9183673469387755
0.9018867924528302 0.9192307692307692
0.9233333333333333 0.9389830508474576
0.8876811594202898 0.928030303030303
0.9236363636363636 0.900709219858156
FLAST 7 0.95
1.0 0.6923076923076923
0.9901477832512315 0.7230215827338129
0.9836065573770492 0.6818181818181818
0.9856459330143541 0.6889632107023411
0.9846938775510204 0.7174721189591078
0.994535519125683 0.6765799256505576
0.9852941176470589 0.7127659574468085
0.9814814814814815 0.7138047138047138
0.9891304347826086 0.6715867158671587
1.0 0.6838235294117647
0.9849246231155779 0.7025089605734767
1.0 0.6942446043165468
0.9947089947089947 0.704119850187266
0.9902439024390244 0.7631578947368421
0.9897959183673469 0.7238805970149254
0.9947916666666666 0.6678321678321678
1.0 0.6900369003690037
0.9901960784313726 0.7163120567375887
0.9901960784313726 0.7038327526132404
0.9948979591836735 0.6914893617021277
0.9951219512195122 0.7010309278350515
1.0 0.6843853820598007
1.0 0.6321428571428571
0.9845360824742269 0.6870503597122302
0.994535519125683 0.6691176470588235
0.99 0.7096774193548387
0.986046511627907 0.7491166077738516
0.9856459330143541 0.7410071942446043
0.9893048128342246 0.7520325203252033
0.9896907216494846 0.676056338028169